5000    13991
10000    11125
15000    9767
20000    9089
25000    8688
30000    8317
35000    8138
40000    7994
45000    7861
50000    7813
55000    7777
60000    7756
65000    7745
70000    7745
75000    7745
80000    7745
85000    7745
90000    7745
95000    7745
100000    7745
105000    7745
110000    7745
115000    7745
120000    7745
125000    7745
130000    7745
135000    7745
140000    7745
145000    7745
150000    7745
155000    7745
160000    7745
165000    7745
170000    7745
175000    7745
180000    7745
185000    7745
190000    7745
195000    7745
200000    7745
205000    7745
210000    7745
215000    7745
220000    7745
225000    7745
230000    7745
235000    7745
240000    7745
245000    7745
250000    7745
255000    7745
260000    7745
265000    7745
270000    7745
275000    7745
280000    7745
285000    7745
290000    7745
295000    7745
300000    7745
305000    7745
310000    7745
315000    7745
320000    7745
325000    7745
330000    7745
335000    7745
340000    7745
345000    7745
350000    7745
355000    7745
360000    7745
365000    7745
370000    7745
375000    7745
380000    7745
385000    7745
390000    7745
395000    7745
400000    7745
405000    7745
410000    7745
415000    7745
420000    7745
425000    7745
430000    7745
435000    7745
440000    7745
445000    7745
450000    7745
455000    7745
460000    7745
465000    7745
470000    7745
475000    7745
480000    7745
485000    7745
490000    7745
495000    7745
500000    7745
